99,35
10,138
10,220
10,126
10,80
10,6
10,148
10,166
10,28
10,2
10,3
9,7
9,4
9,1
9,6
9,2
9,3
8,6
8,11
8,9
8,4
8,16
8,17
8,2
8,3
69,3
69,1
64,5
64,4
64,3
64,1
62,5
62,1
49,4
49,3
49,1
47,4
47,1
46,4
46,3
46,1
38,6
38,5
38,4
38,3
38,1
34,4
34,3
34,1
33,4
33,3
33,1
32,7
32,6
32,5
32,4
32,3
32,2
32,1
30,3
30,1
24,3
24,1
20,3
20,2
20,1
14,8
14,6
14,4
19,2
19,1
12,3
12,2
12,1
11,28
11,27
19,3
11,26
11,25
11,24
11,23
11,22
11,21
11,20
11,19
11,18
11,17
11,16
11,15
11,14
11,13
11,12
11,11
11,10
11,9
11,8
11,6
11,5
11,4
11,3
11,2
11,1
10,303
10,302
10,301
10,300
10,299
10,298
10,297
10,296
10,295
10,294
10,293
10,292
10,291
10,290
10,289
10,287
18,1
